Family ID	0.638468	0.967384	1.39415	
OG0000013	4.04189e-20	7.87586e-18	5.81453e-16	
OG0000016	1.05768e-10	1.15582e-09	7.64914e-09	
OG0000017	1.99371e-13	1.00051e-11	2.35458e-10	
OG0000018	6.99896e-12	1.25606e-10	1.2414e-09	
OG0000020	4.27572e-12	1.01418e-10	1.33991e-09	
OG0000021	5.65875e-18	8.42391e-16	5.62042e-14	
OG0000023	3.58971e-11	5.85393e-10	5.44299e-09	
OG0000024	1.71282e-06	5.0133e-06	1.0512e-05	
OG0000025	0.000238681	0.000302644	0.000304689	
OG0000026	0.00017259	0.000256487	0.000299627	
OG0000027	2.28842e-05	4.67599e-05	7.22823e-05	
OG0000028	6.41783e-13	2.59948e-11	5.44058e-10	
OG0000030	0.000550116	0.00073242	0.000775391	
OG0000031	0.000416491	0.000576773	0.000638043	
OG0000032	1.85012e-07	7.26337e-07	2.10181e-06	
OG0000033	3.47106e-06	1.06719e-05	2.34991e-05	
OG0000034	0.00142402	0.00156376	0.00144442	
OG0000035	9.50146e-06	2.1362e-05	3.65043e-05	
OG0000036	0.000416491	0.000576773	0.000638043	
OG0000039	0.00534729	0.00501865	0.00398201	
OG0000040	0.00675665	0.00625502	0.00488055	
OG0000041	0.00534729	0.00501865	0.00398201	
OG0000042	0.00675665	0.00625502	0.00488055	
OG0000043	0.00534729	0.00501865	0.00398201	
OG0000044	2.66855e-05	5.7312e-05	9.39502e-05	
OG0000045	9.15773e-05	0.000156571	0.000215585	
OG0000046	0.00898762	0.00822226	0.00631575	
OG0000047	0.00534729	0.00501865	0.00398201	
OG0000048	3.9815e-10	4.50637e-09	3.1847e-08	
OG0000049	0.00898762	0.00822226	0.00631575	
OG0000050	0.00675665	0.00625502	0.00488055	
OG0000052	0.00675665	0.00625502	0.00488055	
OG0000053	0.000112009	0.000169376	0.000208382	
OG0000054	0.00898762	0.00822226	0.00631575	
OG0000055	9.15773e-05	0.000156571	0.000215585	
OG0000056	3.41354e-05	7.17983e-05	0.000114794	
OG0000057	0.00534729	0.00501865	0.00398201	
OG0000058	0.00675665	0.00625502	0.00488055	
OG0000059	0.00534729	0.00501865	0.00398201	
OG0000063	0.116088	0.0723265	0.0400804	
OG0000064	1.28625e-06	4.24706e-06	1.02204e-05	
OG0000065	0.116088	0.0723265	0.0400804	
OG0000066	0.116088	0.0723265	0.0400804	
OG0000067	0.116088	0.0723265	0.0400804	
OG0000068	0.116088	0.0723265	0.0400804	
OG0000069	0.116088	0.0723265	0.0400804	
OG0000070	0.116088	0.0723265	0.0400804	
OG0000071	0.116088	0.0723265	0.0400804	
OG0000072	0.116088	0.0723265	0.0400804	
OG0000073	0.116088	0.0723265	0.0400804	
OG0000074	0.116088	0.0723265	0.0400804	
OG0000075	0.116088	0.0723265	0.0400804	
OG0000076	0.116088	0.0723265	0.0400804	
OG0000077	0.116088	0.0723265	0.0400804	
OG0000079	0.116088	0.0723265	0.0400804	
OG0000080	0.116088	0.0723265	0.0400804	
OG0000081	0.116088	0.0723265	0.0400804	
OG0000082	0.116088	0.0723265	0.0400804	
OG0000083	0.116088	0.0723265	0.0400804	
OG0000084	0.116088	0.0723265	0.0400804	
OG0000085	0.116088	0.0723265	0.0400804	
OG0000086	0.116088	0.0723265	0.0400804	
OG0000087	0.116088	0.0723265	0.0400804	
OG0000088	0.116088	0.0723265	0.0400804	
OG0000089	0.116088	0.0723265	0.0400804	
OG0000090	0.116088	0.0723265	0.0400804	
OG0000091	0.116088	0.0723265	0.0400804	
OG0000092	0.116088	0.0723265	0.0400804	
OG0000093	0.116088	0.0723265	0.0400804	
OG0000094	0.116088	0.0723265	0.0400804	
OG0000095	0.116088	0.0723265	0.0400804	
OG0000096	0.00047811	0.000706351	0.000846428	
OG0000097	0.116088	0.0723265	0.0400804	
OG0000098	0.116088	0.0723265	0.0400804	
OG0000099	0.116088	0.0723265	0.0400804	
OG0000100	0.116088	0.0723265	0.0400804	
OG0000101	0.116088	0.0723265	0.0400804	
OG0000102	0.000579254	0.000826374	0.000948044	
OG0000103	0.116088	0.0723265	0.0400804	
OG0000104	0.116088	0.0723265	0.0400804	
OG0000105	0.116088	0.0723265	0.0400804	
OG0000106	0.116088	0.0723265	0.0400804	
OG0000107	0.116088	0.0723265	0.0400804	
OG0000108	0.116088	0.0723265	0.0400804	
OG0000110	0.000257758	0.00037181	0.000432644	
OG0000111	0.116088	0.0723265	0.0400804	
OG0000112	0.116088	0.0723265	0.0400804	
OG0000113	0.116088	0.0723265	0.0400804	
OG0000114	0.116088	0.0723265	0.0400804	
OG0000115	0.116088	0.0723265	0.0400804	
OG0000116	0.116088	0.0723265	0.0400804	
OG0000117	0.000743208	0.00104095	0.00116825	
OG0000118	0.116088	0.0723265	0.0400804	
OG0000119	0.116088	0.0723265	0.0400804	
OG0000120	0.116088	0.0723265	0.0400804	
OG0000121	0.116088	0.0723265	0.0400804	
OG0000122	0.116088	0.0723265	0.0400804	
OG0000123	0.116088	0.0723265	0.0400804	
OG0000124	0.116088	0.0723265	0.0400804	
OG0000125	0.116088	0.0723265	0.0400804	
OG0000126	0.116088	0.0723265	0.0400804	
OG0000127	0.116088	0.0723265	0.0400804	
OG0000128	0.116088	0.0723265	0.0400804	
OG0000129	1.48661e-08	1.10374e-07	5.37636e-07	
OG0000131	1.28625e-06	4.24706e-06	1.02204e-05	
OG0000132	0.116088	0.0723265	0.0400804	
OG0000133	0.116088	0.0723265	0.0400804	
OG0000134	0.116088	0.0723265	0.0400804	
OG0000135	0.116088	0.0723265	0.0400804	
OG0000136	0.116088	0.0723265	0.0400804	
OG0000137	0.116088	0.0723265	0.0400804	
OG0000138	0.116088	0.0723265	0.0400804	
OG0000139	0.116088	0.0723265	0.0400804	
OG0000140	0.116088	0.0723265	0.0400804	
OG0000141	0.116088	0.0723265	0.0400804	
OG0000142	0.116088	0.0723265	0.0400804	
OG0000143	0.116088	0.0723265	0.0400804	
OG0000144	0.116088	0.0723265	0.0400804	
OG0000145	0.116088	0.0723265	0.0400804	
OG0000146	0.116088	0.0723265	0.0400804	
OG0000147	0.116088	0.0723265	0.0400804	
OG0000148	0.116088	0.0723265	0.0400804	
OG0000149	0.116088	0.0723265	0.0400804	
OG0000150	0.116088	0.0723265	0.0400804	
OG0000151	0.116088	0.0723265	0.0400804	
OG0000152	0.116088	0.0723265	0.0400804	
OG0000153	0.116088	0.0723265	0.0400804	
OG0000154	0.116088	0.0723265	0.0400804	
OG0000155	0.116088	0.0723265	0.0400804	
OG0000156	0.116088	0.0723265	0.0400804	
OG0000157	0.116088	0.0723265	0.0400804	
OG0000158	0.116088	0.0723265	0.0400804	
OG0000159	0.116088	0.0723265	0.0400804	
OG0000160	0.116088	0.0723265	0.0400804	
OG0000161	0.116088	0.0723265	0.0400804	
OG0000162	0.116088	0.0723265	0.0400804	
OG0000163	0.116088	0.0723265	0.0400804	
OG0000164	0.116088	0.0723265	0.0400804	
OG0000165	0.116088	0.0723265	0.0400804	
OG0000166	0.116088	0.0723265	0.0400804	
OG0000167	0.116088	0.0723265	0.0400804	
OG0000168	0.116088	0.0723265	0.0400804	
OG0000169	0.116088	0.0723265	0.0400804	
OG0000170	0.116088	0.0723265	0.0400804	
OG0000171	0.116088	0.0723265	0.0400804	
OG0000172	0.116088	0.0723265	0.0400804	
OG0000173	0.116088	0.0723265	0.0400804	
OG0000174	0.116088	0.0723265	0.0400804	
OG0000175	0.116088	0.0723265	0.0400804	
OG0000176	0.116088	0.0723265	0.0400804	
OG0000177	0.116088	0.0723265	0.0400804	
OG0000178	0.116088	0.0723265	0.0400804	
OG0000179	0.116088	0.0723265	0.0400804	
OG0000180	0.116088	0.0723265	0.0400804	
OG0000181	0.116088	0.0723265	0.0400804	
OG0000182	0.116088	0.0723265	0.0400804	
OG0000183	0.116088	0.0723265	0.0400804	
OG0000184	0.116088	0.0723265	0.0400804	
OG0000185	0.116088	0.0723265	0.0400804	
OG0000186	0.116088	0.0723265	0.0400804	
OG0000187	0.116088	0.0723265	0.0400804	
OG0000188	0.116088	0.0723265	0.0400804	
OG0000189	0.116088	0.0723265	0.0400804	
OG0000190	0.116088	0.0723265	0.0400804	
OG0000191	0.116088	0.0723265	0.0400804	
OG0000192	0.116088	0.0723265	0.0400804	
OG0000193	0.116088	0.0723265	0.0400804	
OG0000194	0.116088	0.0723265	0.0400804	
OG0000195	0.116088	0.0723265	0.0400804	
OG0000196	0.116088	0.0723265	0.0400804	
OG0000197	0.116088	0.0723265	0.0400804	
OG0000198	0.116088	0.0723265	0.0400804	
OG0000199	0.116088	0.0723265	0.0400804	
OG0000200	0.116088	0.0723265	0.0400804	
OG0000201	0.116088	0.0723265	0.0400804	
OG0000202	0.116088	0.0723265	0.0400804	
OG0000203	0.116088	0.0723265	0.0400804	
OG0000204	0.116088	0.0723265	0.0400804	
OG0000205	0.116088	0.0723265	0.0400804	
OG0000207	0.116088	0.0723265	0.0400804	
OG0000208	0.116088	0.0723265	0.0400804	
OG0000209	0.116088	0.0723265	0.0400804	
OG0000210	0.116088	0.0723265	0.0400804	
OG0000212	0.116088	0.0723265	0.0400804	
OG0000213	0.116088	0.0723265	0.0400804	
OG0000214	0.116088	0.0723265	0.0400804	
OG0000215	0.116088	0.0723265	0.0400804	
OG0000216	0.116088	0.0723265	0.0400804	
OG0000217	0.116088	0.0723265	0.0400804	
OG0000218	0.116088	0.0723265	0.0400804	
OG0000219	0.116088	0.0723265	0.0400804	
OG0000220	0.116088	0.0723265	0.0400804	
OG0000221	0.116088	0.0723265	0.0400804	
OG0000222	0.116088	0.0723265	0.0400804	
OG0000223	0.116088	0.0723265	0.0400804	
OG0000224	0.116088	0.0723265	0.0400804	
OG0000225	0.116088	0.0723265	0.0400804	
OG0000226	0.116088	0.0723265	0.0400804	
OG0000227	0.116088	0.0723265	0.0400804	
OG0000228	0.116088	0.0723265	0.0400804	
OG0000229	0.116088	0.0723265	0.0400804	
OG0000230	0.116088	0.0723265	0.0400804	
OG0000231	0.116088	0.0723265	0.0400804	
OG0000232	0.116088	0.0723265	0.0400804	
OG0000233	0.116088	0.0723265	0.0400804	
OG0000234	0.116088	0.0723265	0.0400804	
OG0000235	0.116088	0.0723265	0.0400804	
OG0000236	0.116088	0.0723265	0.0400804	
OG0000237	0.116088	0.0723265	0.0400804	
OG0000238	0.116088	0.0723265	0.0400804	
OG0000239	0.116088	0.0723265	0.0400804	
OG0000240	0.116088	0.0723265	0.0400804	
OG0000241	0.116088	0.0723265	0.0400804	
OG0000242	0.116088	0.0723265	0.0400804	
OG0000243	0.116088	0.0723265	0.0400804	
OG0000248	0.00748235	0.00727059	0.0060196	
OG0000249	0.00748235	0.00727059	0.0060196	
OG0000250	0.00748235	0.00727059	0.0060196	
OG0000251	0.00748235	0.00727059	0.0060196	
OG0000252	0.00748235	0.00727059	0.0060196	
OG0000253	0.00748235	0.00727059	0.0060196	
OG0000254	2.83503e-05	6.26803e-05	0.000106605	
OG0000255	0.00568167	0.00548593	0.0045068	
OG0000256	0.00568167	0.00548593	0.0045068	
OG0000257	0.00748235	0.00727059	0.0060196	
OG0000258	0.00748235	0.00727059	0.0060196	
OG0000259	0.00748235	0.00727059	0.0060196	
OG0000260	0.01038	0.0101814	0.00852444	
OG0000261	0.00748235	0.00727059	0.0060196	
OG0000262	0.00748235	0.00727059	0.0060196	
OG0000263	0.00748235	0.00727059	0.0060196	
OG0000264	0.00748235	0.00727059	0.0060196	
OG0000265	5.92201e-05	0.000118579	0.000199828	
OG0000266	0.00748235	0.00727059	0.0060196	
OG0000267	0.00748235	0.00727059	0.0060196	
OG0000268	0.00748235	0.00727059	0.0060196	
OG0000269	0.00748235	0.00727059	0.0060196	
OG0000271	0.00748235	0.00727059	0.0060196	
OG0000272	0.01038	0.0101814	0.00852444	
OG0000273	0.00748235	0.00727059	0.0060196	
OG0000274	0.00748235	0.00727059	0.0060196	
OG0000275	0.00748235	0.00727059	0.0060196	
OG0000276	0.00748235	0.00727059	0.0060196	
OG0000277	0.00748235	0.00727059	0.0060196	
OG0000278	0.00748235	0.00727059	0.0060196	
OG0000279	0.00568167	0.00548593	0.0045068	
OG0000280	0.00748235	0.00727059	0.0060196	
OG0000281	5.14206e-05	0.000115087	0.000198637	
OG0000282	0.00748235	0.00727059	0.0060196	
OG0000283	0.00748235	0.00727059	0.0060196	
OG0000284	0.00748235	0.00727059	0.0060196	
OG0000285	0.00568167	0.00548593	0.0045068	
OG0000286	0.00748235	0.00727059	0.0060196	
OG0000287	0.00748235	0.00727059	0.0060196	
OG0000288	0.00748235	0.00727059	0.0060196	
OG0000289	0.00748235	0.00727059	0.0060196	
OG0000290	0.00748235	0.00727059	0.0060196	
OG0000291	0.00568167	0.00548593	0.0045068	
OG0000292	0.00748235	0.00727059	0.0060196	
OG0000293	0.00748235	0.00727059	0.0060196	
OG0000294	0.000174733	0.000281405	0.000372757	
OG0000295	0.00748235	0.00727059	0.0060196	
OG0000297	2.83503e-05	6.26803e-05	0.000106605	
OG0000298	2.83503e-05	6.26803e-05	0.000106605	
OG0000299	2.83503e-05	6.26803e-05	0.000106605	
OG0000300	0.00748235	0.00727059	0.0060196	
OG0000301	0.00748235	0.00727059	0.0060196	
OG0000302	0.00748235	0.00727059	0.0060196	
OG0000303	0.00748235	0.00727059	0.0060196	
OG0000304	0.00748235	0.00727059	0.0060196	
OG0000305	0.00748235	0.00727059	0.0060196	
OG0000306	0.01038	0.0101814	0.00852444	
OG0000307	3.63749e-05	7.89579e-05	0.000131379	
OG0000308	0.01038	0.0101814	0.00852444	
OG0000309	0.01038	0.0101814	0.00852444	
OG0000310	0.00748235	0.00727059	0.0060196	
OG0000311	0.01038	0.0101814	0.00852444	
OG0000312	0.00748235	0.00727059	0.0060196	
OG0000313	0.00748235	0.00727059	0.0060196	
OG0000314	0.00748235	0.00727059	0.0060196	
OG0000315	0.00748235	0.00727059	0.0060196	
OG0000316	0.00748235	0.00727059	0.0060196	
OG0000317	0.00748235	0.00727059	0.0060196	
OG0000318	0.01038	0.0101814	0.00852444	
OG0000319	0.00748235	0.00727059	0.0060196	
OG0000320	2.83503e-05	6.26803e-05	0.000106605	
OG0000321	0.00748235	0.00727059	0.0060196	
OG0000322	0.01038	0.0101814	0.00852444	
OG0000323	0.00748235	0.00727059	0.0060196	
OG0000324	0.00748235	0.00727059	0.0060196	
OG0000325	0.00748235	0.00727059	0.0060196	
OG0000326	0.00748235	0.00727059	0.0060196	
OG0000327	0.00748235	0.00727059	0.0060196	
OG0000328	0.00748235	0.00727059	0.0060196	
OG0000329	0.00748235	0.00727059	0.0060196	
OG0000330	0.01038	0.0101814	0.00852444	
OG0000338	0.000387734	0.000650584	0.000915209	
OG0000339	2.51668e-06	8.72948e-06	2.23373e-05	
OG0000340	0.000497957	0.000821157	0.00113199	
OG0000341	0.000366209	0.000551489	0.00067695	
OG0000342	0.000669038	0.00102348	0.00128029	
OG0000343	0.000387734	0.000650584	0.000915209	
OG0000344	0.000669038	0.00102348	0.00128029	
OG0000345	0.000387734	0.000650584	0.000915209	
OG0000347	0.000669038	0.00102348	0.00128029	
OG0000348	0.000669038	0.00102348	0.00128029	
OG0000349	0.000669038	0.00102348	0.00128029	
OG0000350	0.000669038	0.00102348	0.00128029	
OG0000351	0.000366209	0.000551489	0.00067695	
OG0000355	0.000669038	0.00102348	0.00128029	
OG0000358	0.000366209	0.000551489	0.00067695	
OG0000359	2.51668e-06	8.72948e-06	2.23373e-05	
OG0000360	2.51668e-06	8.72948e-06	2.23373e-05	
OG0000361	2.51668e-06	8.72948e-06	2.23373e-05	
OG0000362	0.000669038	0.00102348	0.00128029	
OG0000366	2.64538e-06	1.01884e-05	2.97533e-05	
OG0000367	2.64538e-06	1.01884e-05	2.97533e-05	
OG0000370	0.000387734	0.000650584	0.000915209	
OG0000372	0.000366209	0.000551489	0.00067695	
OG0000375	0.000366209	0.000551489	0.00067695	
OG0000376	0.000669038	0.00102348	0.00128029	
OG0000378	0.00225708	0.00247592	0.00236704	
OG0000382	0.000366209	0.000551489	0.00067695	
OG0000383	0.000366209	0.000551489	0.00067695	
OG0000384	0.000366209	0.000551489	0.00067695	
OG0000385	0.000366209	0.000551489	0.00067695	
OG0000386	0.000366209	0.000551489	0.00067695	
OG0000390	0.000669038	0.00102348	0.00128029	
OG0000397	0.00213275	0.00276459	0.00310609	
OG0000398	0.00213275	0.00276459	0.00310609	
OG0000399	6.31343e-06	1.91653e-05	4.58158e-05	
OG0000400	0.00213275	0.00276459	0.00310609	
OG0000408	0.000137464	0.000277911	0.000466512	
OG0000409	0.00501325	0.00573545	0.00583272	
OG0000410	0.00501325	0.00573545	0.00583272	
OG0000411	0.00501325	0.00573545	0.00583272	
OG0000413	0.00501325	0.00573545	0.00583272	
OG0000414	3.04771e-07	1.42421e-06	5.00642e-06	
OG0000415	3.27448e-05	7.76333e-05	0.000143979	
OG0000416	0.00501325	0.00573545	0.00583272	
OG0000417	3.27448e-05	7.76333e-05	0.000143979	
OG0000418	0.00501325	0.00573545	0.00583272	
OG0000419	0.00501325	0.00573545	0.00583272	
OG0000422	3.27448e-05	7.76333e-05	0.000143979	
OG0000423	3.27448e-05	7.76333e-05	0.000143979	
OG0000424	3.27448e-05	7.76333e-05	0.000143979	
OG0000425	3.27448e-05	7.76333e-05	0.000143979	
OG0000426	3.27448e-05	7.76333e-05	0.000143979	
OG0000427	3.27448e-05	7.76333e-05	0.000143979	
OG0000428	0.00501325	0.00573545	0.00583272	
OG0000433	0.00501325	0.00573545	0.00583272	
OG0000434	0.00501325	0.00573545	0.00583272	
OG0000435	0.00501325	0.00573545	0.00583272	
OG0000436	4.45254e-05	0.000115598	0.000240789	
OG0000437	3.44359e-05	9.06983e-05	0.000192132	
OG0000439	0.00501325	0.00573545	0.00583272	
OG0000440	0.00501325	0.00573545	0.00583272	
OG0000441	0.00501325	0.00573545	0.00583272	
OG0000443	0.00501325	0.00573545	0.00583272	
OG0000444	0.00501325	0.00573545	0.00583272	
OG0000445	0.00501325	0.00573545	0.00583272	
OG0000447	3.27448e-05	7.76333e-05	0.000143979	
OG0000448	0.00501325	0.00573545	0.00583272	
OG0000462	0.000201818	0.000348537	0.000503441	
OG0000463	0.00501325	0.00573545	0.00583272	
OG0000466	0.00501325	0.00573545	0.00583272	
OG0000468	0.00501325	0.00573545	0.00583272	
OG0000469	0.00501325	0.00573545	0.00583272	
OG0000470	3.27448e-05	7.76333e-05	0.000143979	
OG0000471	3.27448e-05	7.76333e-05	0.000143979	
OG0000472	3.27448e-05	7.76333e-05	0.000143979	
OG0000473	0.00501325	0.00573545	0.00583272	
OG0000474	0.00501325	0.00573545	0.00583272	
OG0000478	0.00501325	0.00573545	0.00583272	
OG0000479	0.00501325	0.00573545	0.00583272	
OG0000480	0.00501325	0.00573545	0.00583272	
OG0000481	4.45254e-05	0.000115598	0.000240789	
OG0000482	0.00501325	0.00573545	0.00583272	
OG0000483	3.27448e-05	7.76333e-05	0.000143979	
OG0000486	3.27448e-05	7.76333e-05	0.000143979	
OG0000488	0.000137464	0.000277911	0.000466512	
OG0000489	0.000137464	0.000277911	0.000466512	
OG0000492	0.000104383	0.000209694	0.000349265	
OG0000497	0.000137464	0.000277911	0.000466512	
OG0000502	0.000104383	0.000209694	0.000349265	
OG0000503	3.04771e-07	1.42421e-06	5.00642e-06	
OG0000510	0.000137464	0.000277911	0.000466512	
OG0000512	3.04771e-07	1.42421e-06	5.00642e-06	
OG0000530	6.72794e-06	2.10801e-05	5.24632e-05	
OG0000531	0.000448265	0.000807407	0.0012407	
OG0000532	0.000448265	0.000807407	0.0012407	
OG0000533	0.000448265	0.000807407	0.0012407	
OG0000534	0.000448265	0.000807407	0.0012407	
OG0000539	0.000448265	0.000807407	0.0012407	
OG0000550	0.000448265	0.000807407	0.0012407	
OG0000552	0.000448265	0.000807407	0.0012407	
OG0000557	0.000448265	0.000807407	0.0012407	
OG0000560	0.000448265	0.000807407	0.0012407	
OG0000568	0.000448265	0.000807407	0.0012407	
OG0000572	0.000448265	0.000807407	0.0012407	
OG0000573	0.000448265	0.000807407	0.0012407	
OG0000574	0.000448265	0.000807407	0.0012407	
OG0000575	0.000448265	0.000807407	0.0012407	
OG0000576	0.000448265	0.000807407	0.0012407	
OG0000577	0.000448265	0.000807407	0.0012407	
OG0000578	0.000448265	0.000807407	0.0012407	
OG0000579	0.000448265	0.000807407	0.0012407	
OG0000581	0.000448265	0.000807407	0.0012407	
OG0000582	0.000448265	0.000807407	0.0012407	
OG0000583	0.000448265	0.000807407	0.0012407	
OG0000586	0.000448265	0.000807407	0.0012407	
OG0000591	0.000448265	0.000807407	0.0012407	
OG0000592	0.000448265	0.000807407	0.0012407	
OG0000596	0.000448265	0.000807407	0.0012407	
OG0000597	0.000448265	0.000807407	0.0012407	
OG0000613	6.72794e-06	2.10801e-05	5.24632e-05	
OG0000619	6.72794e-06	2.10801e-05	5.24632e-05	
OG0000625	6.72794e-06	2.10801e-05	5.24632e-05	
OG0000626	6.72794e-06	2.10801e-05	5.24632e-05	
OG0000633	6.72794e-06	2.10801e-05	5.24632e-05	
OG0000651	6.72794e-06	2.10801e-05	5.24632e-05	
OG0000657	6.72794e-06	2.10801e-05	5.24632e-05	
OG0000659	4.14668e-05	9.46399e-05	0.000183444	
OG0000660	4.14668e-05	9.46399e-05	0.000183444	
