FamilyID	Mycoplasma_hyopneumoniae<1>	Mycoplasma_agalactiae<2>	Mycoplasma_arthritidis<3>	Mycoplasma_gallisepticum<4>	Mycoplasma_genitalium<5>	Mycoplasma_haemocanis<6>	<7>	<8>	<9>	<10>	<11>
OG0000013	2	2	0	9	-1	-1	0	0	0	0	0
OG0000016	0	0	0	5	0	0	0	0	0	0	2
OG0000017	10	-1	-1	0	0	0	0	0	0	0	0
OG0000018	0	1	4	2	-1	0	0	0	1	0	0
OG0000020	0	7	0	0	0	0	0	0	1	-1	0
OG0000021	4	-1	-1	6	-1	-1	0	0	0	0	0
OG0000023	0	4	-1	0	1	-1	0	0	0	0	1
OG0000024	0	1	1	0	1	0	0	0	1	0	0
OG0000025	0	0	0	1	0	0	0	0	0	1	0
OG0000026	0	1	0	0	0	0	0	0	0	0	1
OG0000027	0	0	0	0	0	3	0	0	0	0	0
OG0000028	7	-1	-1	0	-1	-1	0	0	0	0	0
OG0000030	0	0	0	0	1	1	0	0	0	0	0
OG0000031	0	1	0	1	0	0	0	0	0	0	0
OG0000032	0	0	-1	1	1	-1	0	0	0	0	1
OG0000033	0	3	0	0	0	-1	0	0	0	0	0
OG0000034	0	1	1	0	0	0	0	0	0	0	0
OG0000035	0	0	1	0	0	-1	0	0	0	0	1
OG0000036	0	0	1	1	0	0	0	0	0	0	0
OG0000039	0	0	0	0	1	0	0	0	0	0	0
OG0000040	0	0	0	0	0	1	0	0	0	0	0
OG0000041	0	0	0	1	0	0	0	0	0	0	0
OG0000042	0	0	0	0	0	1	0	0	0	0	0
OG0000043	0	0	0	1	0	0	0	0	0	0	0
OG0000044	0	0	1	1	0	-1	0	0	0	0	0
OG0000045	0	1	1	0	0	-1	0	0	0	0	0
OG0000046	0	0	1	0	0	0	0	0	0	0	0
OG0000047	0	0	0	1	0	0	0	0	0	0	0
OG0000048	0	2	-1	2	-1	-1	0	0	0	0	0
OG0000049	0	0	1	0	0	0	0	0	0	0	0
OG0000050	0	0	0	0	0	1	0	0	0	0	0
OG0000052	0	0	0	0	0	1	0	0	0	0	0
OG0000053	0	0	0	0	0	-1	0	0	0	0	1
OG0000054	0	1	0	0	0	0	0	0	0	0	0
OG0000055	0	1	1	0	0	-1	0	0	0	0	0
OG0000056	1	0	0	0	1	-1	0	0	0	0	0
OG0000057	0	0	0	0	1	0	0	0	0	0	0
OG0000058	0	0	0	0	0	1	0	0	0	0	0
OG0000059	0	0	0	0	1	0	0	0	0	0	0
OG0000063	0	0	0	0	0	0	0	0	0	0	0
OG0000064	0	1	0	1	-1	-1	0	0	0	0	0
OG0000065	0	0	0	0	0	0	0	0	0	0	0
OG0000066	0	0	0	0	0	0	0	0	0	0	0
OG0000067	0	0	0	0	0	0	0	0	0	0	0
OG0000068	0	0	0	0	0	0	0	0	0	0	0
OG0000069	0	0	0	0	0	0	0	0	0	0	0
OG0000070	0	0	0	0	0	0	0	0	0	0	0
OG0000071	0	0	0	0	0	0	0	0	0	0	0
OG0000072	0	0	0	0	0	0	0	0	0	0	0
OG0000073	0	0	0	0	0	0	0	0	0	0	0
OG0000074	0	0	0	0	0	0	0	0	0	0	0
OG0000075	0	0	0	0	0	0	0	0	0	0	0
OG0000076	0	0	0	0	0	0	0	0	0	0	0
OG0000077	0	0	0	0	0	0	0	0	0	0	0
OG0000079	0	0	0	0	0	0	0	0	0	0	0
OG0000080	0	0	0	0	0	0	0	0	0	0	0
OG0000081	0	0	0	0	0	0	0	0	0	0	0
OG0000082	0	0	0	0	0	0	0	0	0	0	0
OG0000083	0	0	0	0	0	0	0	0	0	0	0
OG0000084	0	0	0	0	0	0	0	0	0	0	0
OG0000085	0	0	0	0	0	0	0	0	0	0	0
OG0000086	0	0	0	0	0	0	0	0	0	0	0
OG0000087	0	0	0	0	0	0	0	0	0	0	0
OG0000088	0	0	0	0	0	0	0	0	0	0	0
OG0000089	0	0	0	0	0	0	0	0	0	0	0
OG0000090	0	0	0	0	0	0	0	0	0	0	0
OG0000091	0	0	0	0	0	0	0	0	0	0	0
OG0000092	0	0	0	0	0	0	0	0	0	0	0
OG0000093	0	0	0	0	0	0	0	0	0	0	0
OG0000094	0	0	0	0	0	0	0	0	0	0	0
OG0000095	0	0	0	0	0	0	0	0	0	0	0
OG0000096	0	0	-1	1	0	0	0	0	0	0	0
OG0000097	0	0	0	0	0	0	0	0	0	0	0
OG0000098	0	0	0	0	0	0	0	0	0	0	0
OG0000099	0	0	0	0	0	0	0	0	0	0	0
OG0000100	0	0	0	0	0	0	0	0	0	0	0
OG0000101	0	0	0	0	0	0	0	0	0	0	0
OG0000102	0	1	0	0	0	-1	0	0	0	0	0
OG0000103	0	0	0	0	0	0	0	0	0	0	0
OG0000104	0	0	0	0	0	0	0	0	0	0	0
OG0000105	0	0	0	0	0	0	0	0	0	0	0
OG0000106	0	0	0	0	0	0	0	0	0	0	0
OG0000107	0	0	0	0	0	0	0	0	0	0	0
OG0000108	0	0	0	0	0	0	0	0	0	0	0
OG0000110	0	0	0	1	-1	0	0	0	0	0	0
OG0000111	0	0	0	0	0	0	0	0	0	0	0
OG0000112	0	0	0	0	0	0	0	0	0	0	0
OG0000113	0	0	0	0	0	0	0	0	0	0	0
OG0000114	0	0	0	0	0	0	0	0	0	0	0
OG0000115	0	0	0	0	0	0	0	0	0	0	0
OG0000116	0	0	0	0	0	0	0	0	0	0	0
OG0000117	1	0	0	0	0	-1	0	0	0	0	0
OG0000118	0	0	0	0	0	0	0	0	0	0	0
OG0000119	0	0	0	0	0	0	0	0	0	0	0
OG0000120	0	0	0	0	0	0	0	0	0	0	0
OG0000121	0	0	0	0	0	0	0	0	0	0	0
OG0000122	0	0	0	0	0	0	0	0	0	0	0
OG0000123	0	0	0	0	0	0	0	0	0	0	0
OG0000124	0	0	0	0	0	0	0	0	0	0	0
OG0000125	0	0	0	0	0	0	0	0	0	0	0
OG0000126	0	0	0	0	0	0	0	0	0	0	0
OG0000127	0	0	0	0	0	0	0	0	0	0	0
OG0000128	0	0	0	0	0	0	0	0	0	0	0
OG0000129	0	3	-1	-1	0	-1	0	0	0	0	0
OG0000131	0	0	1	1	-1	-1	0	0	0	0	0
OG0000132	0	0	0	0	0	0	0	0	0	0	0
OG0000133	0	0	0	0	0	0	0	0	0	0	0
OG0000134	0	0	0	0	0	0	0	0	0	0	0
OG0000135	0	0	0	0	0	0	0	0	0	0	0
OG0000136	0	0	0	0	0	0	0	0	0	0	0
OG0000137	0	0	0	0	0	0	0	0	0	0	0
OG0000138	0	0	0	0	0	0	0	0	0	0	0
OG0000139	0	0	0	0	0	0	0	0	0	0	0
OG0000140	0	0	0	0	0	0	0	0	0	0	0
OG0000141	0	0	0	0	0	0	0	0	0	0	0
OG0000142	0	0	0	0	0	0	0	0	0	0	0
OG0000143	0	0	0	0	0	0	0	0	0	0	0
OG0000144	0	0	0	0	0	0	0	0	0	0	0
OG0000145	0	0	0	0	0	0	0	0	0	0	0
OG0000146	0	0	0	0	0	0	0	0	0	0	0
OG0000147	0	0	0	0	0	0	0	0	0	0	0
OG0000148	0	0	0	0	0	0	0	0	0	0	0
OG0000149	0	0	0	0	0	0	0	0	0	0	0
OG0000150	0	0	0	0	0	0	0	0	0	0	0
OG0000151	0	0	0	0	0	0	0	0	0	0	0
OG0000152	0	0	0	0	0	0	0	0	0	0	0
OG0000153	0	0	0	0	0	0	0	0	0	0	0
OG0000154	0	0	0	0	0	0	0	0	0	0	0
OG0000155	0	0	0	0	0	0	0	0	0	0	0
OG0000156	0	0	0	0	0	0	0	0	0	0	0
OG0000157	0	0	0	0	0	0	0	0	0	0	0
OG0000158	0	0	0	0	0	0	0	0	0	0	0
OG0000159	0	0	0	0	0	0	0	0	0	0	0
OG0000160	0	0	0	0	0	0	0	0	0	0	0
OG0000161	0	0	0	0	0	0	0	0	0	0	0
OG0000162	0	0	0	0	0	0	0	0	0	0	0
OG0000163	0	0	0	0	0	0	0	0	0	0	0
OG0000164	0	0	0	0	0	0	0	0	0	0	0
OG0000165	0	0	0	0	0	0	0	0	0	0	0
OG0000166	0	0	0	0	0	0	0	0	0	0	0
OG0000167	0	0	0	0	0	0	0	0	0	0	0
OG0000168	0	0	0	0	0	0	0	0	0	0	0
OG0000169	0	0	0	0	0	0	0	0	0	0	0
OG0000170	0	0	0	0	0	0	0	0	0	0	0
OG0000171	0	0	0	0	0	0	0	0	0	0	0
OG0000172	0	0	0	0	0	0	0	0	0	0	0
OG0000173	0	0	0	0	0	0	0	0	0	0	0
OG0000174	0	0	0	0	0	0	0	0	0	0	0
OG0000175	0	0	0	0	0	0	0	0	0	0	0
OG0000176	0	0	0	0	0	0	0	0	0	0	0
OG0000177	0	0	0	0	0	0	0	0	0	0	0
OG0000178	0	0	0	0	0	0	0	0	0	0	0
OG0000179	0	0	0	0	0	0	0	0	0	0	0
OG0000180	0	0	0	0	0	0	0	0	0	0	0
OG0000181	0	0	0	0	0	0	0	0	0	0	0
OG0000182	0	0	0	0	0	0	0	0	0	0	0
OG0000183	0	0	0	0	0	0	0	0	0	0	0
OG0000184	0	0	0	0	0	0	0	0	0	0	0
OG0000185	0	0	0	0	0	0	0	0	0	0	0
OG0000186	0	0	0	0	0	0	0	0	0	0	0
OG0000187	0	0	0	0	0	0	0	0	0	0	0
OG0000188	0	0	0	0	0	0	0	0	0	0	0
OG0000189	0	0	0	0	0	0	0	0	0	0	0
OG0000190	0	0	0	0	0	0	0	0	0	0	0
OG0000191	0	0	0	0	0	0	0	0	0	0	0
OG0000192	0	0	0	0	0	0	0	0	0	0	0
OG0000193	0	0	0	0	0	0	0	0	0	0	0
OG0000194	0	0	0	0	0	0	0	0	0	0	0
OG0000195	0	0	0	0	0	0	0	0	0	0	0
OG0000196	0	0	0	0	0	0	0	0	0	0	0
OG0000197	0	0	0	0	0	0	0	0	0	0	0
OG0000198	0	0	0	0	0	0	0	0	0	0	0
OG0000199	0	0	0	0	0	0	0	0	0	0	0
OG0000200	0	0	0	0	0	0	0	0	0	0	0
OG0000201	0	0	0	0	0	0	0	0	0	0	0
OG0000202	0	0	0	0	0	0	0	0	0	0	0
OG0000203	0	0	0	0	0	0	0	0	0	0	0
OG0000204	0	0	0	0	0	0	0	0	0	0	0
OG0000205	0	0	0	0	0	0	0	0	0	0	0
OG0000207	0	0	0	0	0	0	0	0	0	0	0
OG0000208	0	0	0	0	0	0	0	0	0	0	0
OG0000209	0	0	0	0	0	0	0	0	0	0	0
OG0000210	0	0	0	0	0	0	0	0	0	0	0
OG0000212	0	0	0	0	0	0	0	0	0	0	0
OG0000213	0	0	0	0	0	0	0	0	0	0	0
OG0000214	0	0	0	0	0	0	0	0	0	0	0
OG0000215	0	0	0	0	0	0	0	0	0	0	0
OG0000216	0	0	0	0	0	0	0	0	0	0	0
OG0000217	0	0	0	0	0	0	0	0	0	0	0
OG0000218	0	0	0	0	0	0	0	0	0	0	0
OG0000219	0	0	0	0	0	0	0	0	0	0	0
OG0000220	0	0	0	0	0	0	0	0	0	0	0
OG0000221	0	0	0	0	0	0	0	0	0	0	0
OG0000222	0	0	0	0	0	0	0	0	0	0	0
OG0000223	0	0	0	0	0	0	0	0	0	0	0
OG0000224	0	0	0	0	0	0	0	0	0	0	0
OG0000225	0	0	0	0	0	0	0	0	0	0	0
OG0000226	0	0	0	0	0	0	0	0	0	0	0
OG0000227	0	0	0	0	0	0	0	0	0	0	0
OG0000228	0	0	0	0	0	0	0	0	0	0	0
OG0000229	0	0	0	0	0	0	0	0	0	0	0
OG0000230	0	0	0	0	0	0	0	0	0	0	0
OG0000231	0	0	0	0	0	0	0	0	0	0	0
OG0000232	0	0	0	0	0	0	0	0	0	0	0
OG0000233	0	0	0	0	0	0	0	0	0	0	0
OG0000234	0	0	0	0	0	0	0	0	0	0	0
OG0000235	0	0	0	0	0	0	0	0	0	0	0
OG0000236	0	0	0	0	0	0	0	0	0	0	0
OG0000237	0	0	0	0	0	0	0	0	0	0	0
OG0000238	0	0	0	0	0	0	0	0	0	0	0
OG0000239	0	0	0	0	0	0	0	0	0	0	0
OG0000240	0	0	0	0	0	0	0	0	0	0	0
OG0000241	0	0	0	0	0	0	0	0	0	0	0
OG0000242	0	0	0	0	0	0	0	0	0	0	0
OG0000243	0	0	0	0	0	0	0	0	0	0	0
OG0000248	0	0	0	0	0	-1	0	0	0	0	0
OG0000249	0	0	0	0	0	-1	0	0	0	0	0
OG0000250	0	0	0	0	0	-1	0	0	0	0	0
OG0000251	0	0	0	0	0	-1	0	0	0	0	0
OG0000252	0	0	0	0	0	-1	0	0	0	0	0
OG0000253	0	0	0	0	0	-1	0	0	0	0	0
OG0000254	0	0	1	0	-1	-1	0	0	0	0	0
OG0000255	0	0	0	0	-1	0	0	0	0	0	0
OG0000256	0	0	0	0	-1	0	0	0	0	0	0
OG0000257	0	0	0	0	0	-1	0	0	0	0	0
OG0000258	0	0	0	0	0	-1	0	0	0	0	0
OG0000259	0	0	0	0	0	-1	0	0	0	0	0
OG0000260	0	0	-1	0	0	0	0	0	0	0	0
OG0000261	0	0	0	0	0	-1	0	0	0	0	0
OG0000262	0	0	0	0	0	-1	0	0	0	0	0
OG0000263	0	0	0	0	0	-1	0	0	0	0	0
OG0000264	0	0	0	0	0	-1	0	0	0	0	0
OG0000265	0	1	1	0	0	0	0	0	0	-1	0
OG0000266	0	0	0	0	0	-1	0	0	0	0	0
OG0000267	0	0	0	0	0	-1	0	0	0	0	0
OG0000268	0	0	0	0	0	-1	0	0	0	0	0
OG0000269	0	0	0	0	0	-1	0	0	0	0	0
OG0000271	0	0	0	0	0	-1	0	0	0	0	0
OG0000272	0	0	-1	0	0	0	0	0	0	0	0
OG0000273	0	0	0	0	0	-1	0	0	0	0	0
OG0000274	0	0	0	0	0	-1	0	0	0	0	0
OG0000275	0	0	0	0	0	-1	0	0	0	0	0
OG0000276	0	0	0	0	0	-1	0	0	0	0	0
OG0000277	0	0	0	0	0	-1	0	0	0	0	0
OG0000278	0	0	0	0	0	-1	0	0	0	0	0
OG0000279	0	0	0	-1	0	0	0	0	0	0	0
OG0000280	0	0	0	0	0	-1	0	0	0	0	0
OG0000281	0	1	-1	0	0	-1	0	0	0	0	0
OG0000282	0	0	0	0	0	-1	0	0	0	0	0
OG0000283	0	0	0	0	0	-1	0	0	0	0	0
OG0000284	0	0	0	0	0	-1	0	0	0	0	0
OG0000285	0	0	0	0	-1	0	0	0	0	0	0
OG0000286	0	0	0	0	0	-1	0	0	0	0	0
OG0000287	0	0	0	0	0	-1	0	0	0	0	0
OG0000288	0	0	0	0	0	-1	0	0	0	0	0
OG0000289	0	0	0	0	0	-1	0	0	0	0	0
OG0000290	0	0	0	0	0	-1	0	0	0	0	0
OG0000291	0	0	0	0	-1	0	0	0	0	0	0
OG0000292	0	0	0	0	0	-1	0	0	0	0	0
OG0000293	0	0	0	0	0	-1	0	0	0	0	0
OG0000294	0	1	0	0	0	0	0	0	0	0	-1
OG0000295	0	0	0	0	0	-1	0	0	0	0	0
OG0000297	0	0	1	0	-1	-1	0	0	0	0	0
OG0000298	0	0	1	0	-1	-1	0	0	0	0	0
OG0000299	0	0	1	0	-1	-1	0	0	0	0	0
OG0000300	0	0	0	0	0	-1	0	0	0	0	0
OG0000301	0	0	0	0	0	-1	0	0	0	0	0
OG0000302	0	0	0	0	0	-1	0	0	0	0	0
OG0000303	0	0	0	0	0	-1	0	0	0	0	0
OG0000304	0	0	0	0	0	-1	0	0	0	0	0
OG0000305	0	0	0	0	0	-1	0	0	0	0	0
OG0000306	0	0	-1	0	0	0	0	0	0	0	0
OG0000307	1	0	0	0	-1	-1	0	0	0	0	0
OG0000308	0	0	-1	0	0	0	0	0	0	0	0
OG0000309	0	0	-1	0	0	0	0	0	0	0	0
OG0000310	0	0	0	0	0	-1	0	0	0	0	0
OG0000311	0	0	-1	0	0	0	0	0	0	0	0
OG0000312	0	0	0	0	0	-1	0	0	0	0	0
OG0000313	0	0	0	0	0	-1	0	0	0	0	0
OG0000314	0	0	0	0	0	-1	0	0	0	0	0
OG0000315	0	0	0	0	0	-1	0	0	0	0	0
OG0000316	0	0	0	0	0	-1	0	0	0	0	0
OG0000317	0	0	0	0	0	-1	0	0	0	0	0
OG0000318	0	0	-1	0	0	0	0	0	0	0	0
OG0000319	0	0	0	0	0	-1	0	0	0	0	0
OG0000320	0	0	1	0	-1	-1	0	0	0	0	0
OG0000321	0	0	0	0	0	-1	0	0	0	0	0
OG0000322	0	0	-1	0	0	0	0	0	0	0	0
OG0000323	0	0	0	0	0	-1	0	0	0	0	0
OG0000324	0	0	0	0	0	-1	0	0	0	0	0
OG0000325	0	0	0	0	0	-1	0	0	0	0	0
OG0000326	0	0	0	0	0	-1	0	0	0	0	0
OG0000327	0	0	0	0	0	-1	0	0	0	0	0
OG0000328	0	0	0	0	0	-1	0	0	0	0	0
OG0000329	0	0	0	0	0	-1	0	0	0	0	0
OG0000330	0	-1	0	0	0	0	0	0	0	0	0
OG0000338	0	1	0	0	0	0	0	0	0	-1	0
OG0000339	0	1	-1	-1	0	-1	0	0	0	0	0
OG0000340	1	0	0	0	0	0	0	0	0	-1	0
OG0000341	0	0	0	-1	0	-1	0	0	0	0	0
OG0000342	0	0	-1	0	0	-1	0	0	0	0	0
OG0000343	0	1	0	0	0	0	0	0	0	-1	0
OG0000344	0	0	-1	0	0	-1	0	0	0	0	0
OG0000345	0	1	0	0	0	0	0	0	0	-1	0
OG0000347	0	0	-1	0	0	-1	0	0	0	0	0
OG0000348	0	0	-1	0	0	-1	0	0	0	0	0
OG0000349	0	0	-1	0	0	-1	0	0	0	0	0
OG0000350	0	0	-1	0	0	-1	0	0	0	0	0
OG0000351	0	0	0	0	-1	-1	0	0	0	0	0
OG0000355	0	0	-1	0	0	-1	0	0	0	0	0
OG0000358	0	0	0	0	-1	-1	0	0	0	0	0
OG0000359	0	1	-1	0	-1	-1	0	0	0	0	0
OG0000360	0	1	-1	0	-1	-1	0	0	0	0	0
OG0000361	0	1	-1	0	-1	-1	0	0	0	0	0
OG0000362	0	0	-1	0	0	-1	0	0	0	0	0
OG0000366	0	2	-1	0	0	0	0	0	0	-1	0
OG0000367	0	2	-1	0	0	0	0	0	0	-1	0
OG0000370	0	1	0	0	0	0	0	0	0	-1	0
OG0000372	0	0	0	0	-1	-1	0	0	0	0	0
OG0000375	0	0	0	0	-1	-1	0	0	0	0	0
OG0000376	0	0	-1	0	0	-1	0	0	0	0	0
OG0000378	0	0	0	0	0	0	0	0	0	0	-1
OG0000382	0	0	0	0	-1	-1	0	0	0	0	0
OG0000383	0	0	0	0	-1	-1	0	0	0	0	0
OG0000384	0	0	0	0	-1	-1	0	0	0	0	0
OG0000385	0	0	0	0	-1	-1	0	0	0	0	0
OG0000386	0	0	0	0	-1	-1	0	0	0	0	0
OG0000390	0	-1	0	0	0	-1	0	0	0	0	0
OG0000397	0	-1	-1	0	0	0	0	0	0	0	0
OG0000398	0	-1	-1	0	0	0	0	0	0	0	0
OG0000399	0	-1	-1	0	1	-1	0	0	0	0	0
OG0000400	0	-1	-1	0	0	0	0	0	0	0	0
OG0000408	0	-1	-1	0	0	-1	0	0	0	0	0
OG0000409	0	0	0	0	0	0	0	0	0	-1	0
OG0000410	0	0	0	0	0	0	0	0	0	-1	0
OG0000411	0	0	0	0	0	0	0	0	0	-1	0
OG0000413	0	0	0	0	0	0	0	0	0	-1	0
OG0000414	0	-1	-1	1	-1	-1	0	0	0	0	0
OG0000415	0	0	-1	0	-1	-1	0	0	0	0	0
OG0000416	0	0	0	0	0	0	0	0	0	-1	0
OG0000417	0	0	-1	0	-1	-1	0	0	0	0	0
OG0000418	0	0	0	0	0	0	0	0	0	-1	0
OG0000419	0	0	0	0	0	0	0	0	0	-1	0
OG0000422	0	0	-1	0	-1	-1	0	0	0	0	0
OG0000423	0	0	-1	0	-1	-1	0	0	0	0	0
OG0000424	0	0	-1	0	-1	-1	0	0	0	0	0
OG0000425	0	0	-1	0	-1	-1	0	0	0	0	0
OG0000426	0	0	-1	0	-1	-1	0	0	0	0	0
OG0000427	0	0	-1	0	-1	-1	0	0	0	0	0
OG0000428	0	0	0	0	0	0	0	0	0	-1	0
OG0000433	0	0	0	0	0	0	0	0	0	-1	0
OG0000434	0	0	0	0	0	0	0	0	0	-1	0
OG0000435	0	0	0	0	0	0	0	0	0	-1	0
OG0000436	1	0	-1	0	0	0	0	0	0	-1	0
OG0000437	0	1	-1	0	0	0	0	0	0	-1	0
OG0000439	0	0	0	0	0	0	0	0	0	-1	0
OG0000440	0	0	0	0	0	0	0	0	0	-1	0
OG0000441	0	0	0	0	0	0	0	0	0	-1	0
OG0000443	0	0	0	0	0	0	0	0	0	-1	0
OG0000444	0	0	0	0	0	0	0	0	0	-1	0
OG0000445	0	0	0	0	0	0	0	0	0	-1	0
OG0000447	0	0	-1	0	-1	-1	0	0	0	0	0
OG0000448	0	0	0	0	0	0	0	0	0	-1	0
OG0000462	0	0	-1	0	0	0	0	0	0	0	-1
OG0000463	0	0	0	0	0	0	0	0	0	-1	0
OG0000466	0	0	0	0	0	0	0	0	0	-1	0
OG0000468	0	0	0	0	0	0	0	0	0	-1	0
OG0000469	0	0	0	0	0	0	0	0	0	-1	0
OG0000470	0	0	-1	0	-1	-1	0	0	0	0	0
OG0000471	0	0	-1	0	-1	-1	0	0	0	0	0
OG0000472	0	0	-1	0	-1	-1	0	0	0	0	0
OG0000473	0	0	0	0	0	0	0	0	0	-1	0
OG0000474	0	0	0	0	0	0	0	0	0	-1	0
OG0000478	0	0	0	0	0	0	0	0	0	-1	0
OG0000479	0	0	0	0	0	0	0	0	0	-1	0
OG0000480	0	0	0	0	0	0	0	0	0	-1	0
OG0000481	1	0	-1	0	0	0	0	0	0	-1	0
OG0000482	0	0	0	0	0	0	0	0	0	-1	0
OG0000483	0	0	-1	0	-1	-1	0	0	0	0	0
OG0000486	0	-1	0	-1	0	-1	0	0	0	0	0
OG0000488	0	-1	-1	0	0	-1	0	0	0	0	0
OG0000489	0	-1	-1	0	0	-1	0	0	0	0	0
OG0000492	0	-1	-1	0	-1	0	0	0	0	0	0
OG0000497	0	-1	-1	0	0	-1	0	0	0	0	0
OG0000502	0	-1	-1	0	-1	0	0	0	0	0	0
OG0000503	0	-1	-1	1	-1	-1	0	0	0	0	0
OG0000510	0	-1	-1	0	0	-1	0	0	0	0	0
OG0000512	0	-1	-1	-1	1	-1	0	0	0	0	0
OG0000530	0	-1	-1	0	-1	-1	0	0	0	0	0
OG0000531	0	0	-1	0	0	0	0	0	0	-1	0
OG0000532	0	0	-1	0	0	0	0	0	0	-1	0
OG0000533	0	0	-1	0	0	0	0	0	0	-1	0
OG0000534	0	0	-1	0	0	0	0	0	0	-1	0
OG0000539	0	0	-1	0	0	0	0	0	0	-1	0
OG0000550	0	0	-1	0	0	0	0	0	0	-1	0
OG0000552	0	0	-1	0	0	0	0	0	0	-1	0
OG0000557	0	0	-1	0	0	0	0	0	0	-1	0
OG0000560	0	0	-1	0	0	0	0	0	0	-1	0
OG0000568	0	0	-1	0	0	0	0	0	0	-1	0
OG0000572	0	0	-1	0	0	0	0	0	0	-1	0
OG0000573	0	0	-1	0	0	0	0	0	0	-1	0
OG0000574	0	0	-1	0	0	0	0	0	0	-1	0
OG0000575	0	0	-1	0	0	0	0	0	0	-1	0
OG0000576	0	0	-1	0	0	0	0	0	0	-1	0
OG0000577	0	0	-1	0	0	0	0	0	0	-1	0
OG0000578	0	0	-1	0	0	0	0	0	0	-1	0
OG0000579	0	0	-1	0	0	0	0	0	0	-1	0
OG0000581	0	0	-1	0	0	0	0	0	0	-1	0
OG0000582	0	0	-1	0	0	0	0	0	0	-1	0
OG0000583	0	0	-1	0	0	0	0	0	0	-1	0
OG0000586	0	0	-1	0	0	0	0	0	0	-1	0
OG0000591	0	-1	0	0	0	0	0	0	0	-1	0
OG0000592	0	-1	0	0	0	0	0	0	0	-1	0
OG0000596	0	-1	0	0	0	0	0	0	0	-1	0
OG0000597	0	-1	0	0	0	0	0	0	0	-1	0
OG0000613	0	-1	-1	0	-1	-1	0	0	0	0	0
OG0000619	0	-1	-1	0	-1	-1	0	0	0	0	0
OG0000625	0	-1	-1	0	-1	-1	0	0	0	0	0
OG0000626	0	-1	-1	0	-1	-1	0	0	0	0	0
OG0000633	0	-1	-1	0	-1	-1	0	0	0	0	0
OG0000651	0	-1	-1	0	-1	-1	0	0	0	0	0
OG0000657	0	-1	-1	-1	0	-1	0	0	0	0	0
OG0000659	0	-1	-1	0	0	0	0	0	0	0	-1
OG0000660	0	-1	-1	0	0	0	0	0	0	0	-1
